Subject Initials: FS
Nb of tasks: 2
Nb of record trials: 150
Nb of test trials: 0
1 2
2 1
3 2
4 1
5 2
6 1
7 1
8 2
9 2
10 2
11 2
12 2
13 1
14 1
15 2
16 2
17 1
18 1
19 1
20 2
21 2
22 1
23 2
24 2
25 1
26 1
27 1
28 2
29 1
30 1
31 1
32 1
33 2
34 1
35 2
36 1
37 1
38 1
39 2
40 1
41 2
42 2
43 2
44 2
45 2
46 1
47 2
48 1
49 2
50 1
51 2
52 1
53 2
54 1
55 2
56 2
57 1
58 2
59 2
60 1
61 2
62 2
63 1
64 1
65 2
66 1
67 1
68 2
69 1
70 1
71 1
72 2
73 1
74 1
75 2
76 1
77 2
78 2
79 2
80 1
81 1
82 2
83 1
84 1
85 1
86 2
87 1
88 2
89 2
90 1
91 1
92 2
93 1
94 1
95 2
96 2
97 2
98 2
99 2
100 2
101 1
102 2
103 2
104 1
105 1
106 2
107 1
108 2
109 1
110 1
111 1
112 1
113 2
114 1
115 2
116 1
117 2
118 1
119 1
120 1
121 2
122 2
123 2
124 2
125 2
126 1
127 1
128 2
129 2
130 1
131 1
132 2
133 2
134 2
135 1
136 1
137 1
138 2
139 1
140 1
141 2
142 1
143 2
144 1
145 2
146 2
147 2
148 2
149 1
150 2
